""
OS,Market Share
Android,74.45
iOS,22.85
KaiOS,0.91
Samsung,0.74
Unknown,0.66
Others,0.39
""
