""
Topic,Participants,Percentage
Biology,500,0.20
Physics,400,0.16
Chemistry,350,0.14
Astronomy,300,0.12
Geology,250,0.10
Meteorology,200,0.08
Ecology,150,0.06
Oceanography,120,0.048
Botany,100,0.04
Zoology,80,0.032
Genetics,60,0.024
Evolutionary Biology,50,0.02
Marine Biology,40,0.016
Environmental Science,30,0.012
Paleontology,20,0.008
Microbiology,10,0.004
""
