""
Month,Temperature (°C)
January,-3
February,-1
March,2
April,8
May,14
June,19
July,22
August,21
September,16
October,10
November,4
December,-2
""
